{
  "children": [
    [0, 17],
    [13, 14],
    [18, 31],
    [19, 32],
    [21, 33],
    [6, 23],
    [4, 34],
    [27, 30],
    [8, 24],
    [26, 29],
    [16, 25],
    [9, 20],
    [3, 11],
    [38, 41],
    [12, 43],
    [1, 37],
    [42, 44],
    [28, 46],
    [10, 45],
    [2, 5],
    [39, 47],
    [48, 49],
    [50, 51],
    [7, 52],
    [40, 53],
    [22, 54],
    [35, 55],
    [36, 56],
    [15, 57]
  ],
  "distances": [
    0.0, 0.0, 0.05769230769230771, 0.05769230769230771, 0.05769230769230771,
    0.09756097560975607, 0.16666666666666663, 0.2558139534883721,
    0.27450980392156865, 0.27586206896551724, 0.3191489361702128,
    0.33333333333333337, 0.3921568627450981, 0.41666666666666663, 0.475,
    0.4883720930232558, 0.4901960784313726, 0.5, 0.5094339622641509,
    0.5483870967741935, 0.5490196078431373, 0.5806451612903225,
    0.5806451612903225, 0.5806451612903225, 0.5806451612903225, 0.625,
    0.6585365853658536, 0.6666666666666667, 0.7083333333333333
  ],
  "labels": [
    29, 14, 21, 17, 23, 18, 24, 27, 22, 8, 11, 28, 15, 13, 25, 16, 19, 20, 6,
    26, 12, 5, 9, 10, 7, 3, 4, 1, 2, 0
  ],
  "clusters": [
    [
      4, 21, 19, 18, 13, 14, 6, 23, 22, 16, 25, 7, 26, 29, 28, 3, 11, 12, 8, 24,
      9, 20, 10, 1, 27, 0, 17, 2, 5
    ],
    [15]
  ],
  "silhouette_score": 0.11843136140160675,
  "distance_matrix": [
    [
      0.0, 0.4883720930232558, 0.7441860465116279, 0.7441860465116279,
      0.813953488372093, 0.7674418604651163, 0.6976744186046512,
      0.6744186046511628, 0.7441860465116279, 0.9069767441860466,
      0.5581395348837209, 0.8372093023255813, 0.8604651162790697,
      0.8372093023255813, 0.8372093023255813, 0.9069767441860466,
      0.813953488372093, 0.0, 0.8372093023255813, 0.813953488372093,
      0.7674418604651163, 0.8372093023255813, 0.9767441860465116,
      0.7441860465116279, 0.7906976744186046, 0.7906976744186046,
      0.8837209302325582, 0.2558139534883721, 0.8604651162790697,
      0.8837209302325582
    ],
    [
      0.4883720930232558, 0.0, 0.7735849056603774, 0.6981132075471699,
      0.7358490566037736, 0.7547169811320755, 0.7358490566037736,
      0.7169811320754718, 0.6037735849056604, 0.8301886792452831,
      0.5094339622641509, 0.7924528301886793, 0.7547169811320755,
      0.7735849056603774, 0.7735849056603774, 0.8490566037735849,
      0.8301886792452831, 0.5849056603773585, 0.7735849056603774,
      0.7358490566037736, 0.7169811320754718, 0.7735849056603774,
      0.9433962264150944, 0.7735849056603774, 0.6415094339622642,
      0.8113207547169812, 0.8679245283018868, 0.6603773584905661,
      0.8113207547169812, 0.9056603773584906
    ],
    [
      0.7441860465116279, 0.7735849056603774, 0.0, 0.5806451612903225,
      0.7096774193548387, 0.5483870967741935, 0.6774193548387097,
      0.5806451612903225, 0.6129032258064516, 0.6774193548387097,
      0.5806451612903225, 0.7419354838709677, 0.6774193548387097,
      0.7096774193548387, 0.7096774193548387, 0.8387096774193549,
      0.5806451612903225, 0.6451612903225806, 0.7096774193548387,
      0.7096774193548387, 0.6129032258064516, 0.7096774193548387,
      0.935483870967742, 0.6774193548387097, 0.6129032258064516,
      0.5806451612903225, 0.7419354838709677, 0.8064516129032258,
      0.8387096774193549, 0.7741935483870968
    ],
    [
      0.7441860465116279, 0.6981132075471699, 0.5806451612903225, 0.0,
      0.8431372549019608, 0.6666666666666667, 0.8235294117647058,
      0.6862745098039216, 0.7450980392156863, 0.7843137254901961,
      0.6470588235294117, 0.3921568627450981, 0.5098039215686274,
      0.8431372549019608, 0.8431372549019608, 0.803921568627451,
      0.7647058823529411, 0.7843137254901961, 0.8431372549019608,
      0.8431372549019608, 0.7450980392156863, 0.8431372549019608,
      0.9607843137254902, 0.7843137254901961, 0.6666666666666667,
      0.7450980392156863, 0.5490196078431373, 0.8235294117647058,
      0.7254901960784313, 0.6274509803921569
    ],
    [
      0.813953488372093, 0.7358490566037736, 0.7096774193548387,
      0.8431372549019608, 0.0, 0.8166666666666667, 0.8, 0.8, 0.8,
      0.8666666666666667, 0.8166666666666667, 0.8666666666666667,
      0.8166666666666667, 0.21666666666666667, 0.21666666666666667,
      0.9166666666666666, 0.8, 0.8666666666666667, 0.16666666666666663,
      0.18333333333333335, 0.7666666666666666, 0.19999999999999996, 0.95, 0.8,
      0.75, 0.85, 0.7833333333333333, 0.8666666666666667, 0.9166666666666666,
      0.8166666666666667
    ],
    [
      0.7674418604651163, 0.7547169811320755, 0.5483870967741935,
      0.6666666666666667, 0.8166666666666667, 0.0, 0.8148148148148149,
      0.7407407407407407, 0.7222222222222222, 0.8333333333333334,
      0.7222222222222222, 0.7777777777777778, 0.7962962962962963,
      0.7962962962962963, 0.7962962962962963, 0.9074074074074074,
      0.6851851851851851, 0.8148148148148149, 0.7962962962962963,
      0.7962962962962963, 0.7592592592592593, 0.7962962962962963,
      0.962962962962963, 0.7962962962962963, 0.6296296296296297,
      0.6666666666666667, 0.7592592592592593, 0.8888888888888888,
      0.8703703703703703, 0.8148148148148149
    ],
    [
      0.6976744186046512, 0.7358490566037736, 0.6774193548387097,
      0.8235294117647058, 0.8, 0.8148148148148149, 0.0, 0.8292682926829268,
      0.6585365853658536, 0.8292682926829268, 0.6585365853658536,
      0.7560975609756098, 0.7560975609756098, 0.7317073170731707,
      0.7317073170731707, 0.9024390243902439, 0.8048780487804879,
      0.6829268292682926, 0.7317073170731707, 0.7073170731707317,
      0.6829268292682926, 0.7317073170731707, 0.9512195121951219,
      0.09756097560975607, 0.6585365853658536, 0.8048780487804879,
      0.7804878048780488, 0.6829268292682926, 0.8292682926829268,
      0.7560975609756098
    ],
    [
      0.6744186046511628, 0.7169811320754718, 0.5806451612903225,
      0.6862745098039216, 0.8, 0.7407407407407407, 0.8292682926829268, 0.0,
      0.8059701492537313, 0.8955223880597015, 0.7611940298507462,
      0.791044776119403, 0.8507462686567164, 0.8208955223880597,
      0.8208955223880597, 0.8656716417910448, 0.835820895522388,
      0.791044776119403, 0.8208955223880597, 0.8208955223880597,
      0.791044776119403, 0.8208955223880597, 0.9552238805970149,
      0.8805970149253731, 0.8059701492537313, 0.8208955223880597,
      0.8656716417910448, 0.8656716417910448, 0.8955223880597015,
      0.9253731343283582
    ],
    [
      0.7441860465116279, 0.6037735849056604, 0.6129032258064516,
      0.7450980392156863, 0.8, 0.7222222222222222, 0.6585365853658536,
      0.8059701492537313, 0.0, 0.7058823529411764, 0.6274509803921569,
      0.4901960784313726, 0.6862745098039216, 0.7647058823529411,
      0.7647058823529411, 0.8431372549019608, 0.8235294117647058,
      0.7843137254901961, 0.7647058823529411, 0.7647058823529411,
      0.6274509803921569, 0.7647058823529411, 0.9215686274509804,
      0.7058823529411764, 0.27450980392156865, 0.7450980392156863,
      0.8235294117647058, 0.7647058823529411, 0.7450980392156863,
      0.8235294117647058
    ],
    [
      0.9069767441860466, 0.8301886792452831, 0.6774193548387097,
      0.7843137254901961, 0.8666666666666667, 0.8333333333333334,
      0.8292682926829268, 0.8955223880597015, 0.7058823529411764, 0.0, 0.625,
      0.5416666666666667, 0.5416666666666667, 0.6666666666666667,
      0.6666666666666667, 0.7083333333333333, 0.625, 0.8333333333333334,
      0.6666666666666667, 0.6666666666666667, 0.33333333333333337,
      0.6666666666666667, 0.875, 0.7083333333333333, 0.41666666666666663, 0.75,
      0.7083333333333333, 0.7916666666666666, 0.5, 0.7916666666666666
    ],
    [
      0.5581395348837209, 0.5094339622641509, 0.5806451612903225,
      0.6470588235294117, 0.8166666666666667, 0.7222222222222222,
      0.6585365853658536, 0.7611940298507462, 0.6274509803921569, 0.625, 0.0,
      0.8088235294117647, 0.8529411764705882, 0.8382352941176471,
      0.8382352941176471, 0.8823529411764706, 0.8529411764705882,
      0.7205882352941176, 0.8382352941176471, 0.8382352941176471,
      0.7352941176470589, 0.8382352941176471, 0.9705882352941176,
      0.7941176470588236, 0.7352941176470589, 0.8382352941176471,
      0.9117647058823529, 0.7794117647058824, 0.8529411764705882,
      0.9264705882352942
    ],
    [
      0.8372093023255813, 0.7924528301886793, 0.7419354838709677,
      0.3921568627450981, 0.8666666666666667, 0.7777777777777778,
      0.7560975609756098, 0.791044776119403, 0.4901960784313726,
      0.5416666666666667, 0.8088235294117647, 0.0, 0.631578947368421,
      0.8596491228070176, 0.8596491228070176, 0.8245614035087719,
      0.8596491228070176, 0.8771929824561404, 0.8596491228070176,
      0.8596491228070176, 0.7894736842105263, 0.8596491228070176,
      0.9473684210526316, 0.8245614035087719, 0.6666666666666667,
      0.8421052631578947, 0.631578947368421, 0.8596491228070176,
      0.8070175438596492, 0.6842105263157895
    ],
    [
      0.8604651162790697, 0.7547169811320755, 0.6774193548387097,
      0.5098039215686274, 0.8166666666666667, 0.7962962962962963,
      0.7560975609756098, 0.8507462686567164, 0.6862745098039216,
      0.5416666666666667, 0.8529411764705882, 0.631578947368421, 0.0, 0.725,
      0.725, 0.75, 0.8, 0.85, 0.725, 0.725, 0.725, 0.725, 0.925, 0.725, 0.475,
      0.775, 0.6, 0.775, 0.625, 0.65
    ],
    [
      0.8372093023255813, 0.7735849056603774, 0.7096774193548387,
      0.8431372549019608, 0.21666666666666667, 0.7962962962962963,
      0.7317073170731707, 0.8208955223880597, 0.7647058823529411,
      0.6666666666666667, 0.8382352941176471, 0.8596491228070176, 0.725, 0.0,
      0.0, 0.9038461538461539, 0.7692307692307692, 0.8653846153846154,
      0.05769230769230771, 0.05769230769230771, 0.7307692307692308,
      0.05769230769230771, 0.9423076923076923, 0.7884615384615384,
      0.7115384615384616, 0.8269230769230769, 0.75, 0.8653846153846154,
      0.9038461538461539, 0.7884615384615384
    ],
    [
      0.8372093023255813, 0.7735849056603774, 0.7096774193548387,
      0.8431372549019608, 0.21666666666666667, 0.7962962962962963,
      0.7317073170731707, 0.8208955223880597, 0.7647058823529411,
      0.6666666666666667, 0.8382352941176471, 0.8596491228070176, 0.725, 0.0,
      0.0, 0.9038461538461539, 0.7692307692307692, 0.8653846153846154,
      0.05769230769230771, 0.05769230769230771, 0.7307692307692308,
      0.05769230769230771, 0.9423076923076923, 0.7884615384615384,
      0.7115384615384616, 0.8269230769230769, 0.75, 0.8653846153846154,
      0.9038461538461539, 0.7884615384615384
    ],
    [
      0.9069767441860466, 0.8490566037735849, 0.8387096774193549,
      0.803921568627451, 0.9166666666666666, 0.9074074074074074,
      0.9024390243902439, 0.8656716417910448, 0.8431372549019608,
      0.7083333333333333, 0.8823529411764706, 0.8245614035087719, 0.75,
      0.9038461538461539, 0.9038461538461539, 0.0, 0.8484848484848485,
      0.8787878787878788, 0.8484848484848485, 0.8484848484848485,
      0.8181818181818181, 0.8484848484848485, 0.9090909090909091,
      0.8484848484848485, 0.7878787878787878, 0.9090909090909091,
      0.9090909090909091, 0.8484848484848485, 0.7272727272727273,
      0.9393939393939394
    ],
    [
      0.813953488372093, 0.8301886792452831, 0.5806451612903225,
      0.7647058823529411, 0.8, 0.6851851851851851, 0.8048780487804879,
      0.835820895522388, 0.8235294117647058, 0.625, 0.8529411764705882,
      0.8596491228070176, 0.8, 0.7692307692307692, 0.7692307692307692,
      0.8484848484848485, 0.0, 0.8297872340425532, 0.7234042553191489,
      0.7446808510638299, 0.6595744680851063, 0.7446808510638299,
      0.9574468085106383, 0.8297872340425532, 0.7446808510638299,
      0.3191489361702128, 0.7234042553191489, 0.9361702127659575,
      0.9148936170212766, 0.8085106382978724
    ],
    [
      0.0, 0.5849056603773585, 0.6451612903225806, 0.7843137254901961,
      0.8666666666666667, 0.8148148148148149, 0.6829268292682926,
      0.791044776119403, 0.7843137254901961, 0.8333333333333334,
      0.7205882352941176, 0.8771929824561404, 0.85, 0.8653846153846154,
      0.8653846153846154, 0.8787878787878788, 0.8297872340425532, 0.0,
      0.8372093023255813, 0.813953488372093, 0.7674418604651163,
      0.8372093023255813, 0.9767441860465116, 0.7441860465116279,
      0.7906976744186046, 0.7906976744186046, 0.8837209302325582,
      0.2558139534883721, 0.8604651162790697, 0.8837209302325582
    ],
    [
      0.8372093023255813, 0.7735849056603774, 0.7096774193548387,
      0.8431372549019608, 0.16666666666666663, 0.7962962962962963,
      0.7317073170731707, 0.8208955223880597, 0.7647058823529411,
      0.6666666666666667, 0.8382352941176471, 0.8596491228070176, 0.725,
      0.05769230769230771, 0.05769230769230771, 0.8484848484848485,
      0.7234042553191489, 0.8372093023255813, 0.0, 0.12727272727272732,
      0.7272727272727273, 0.10909090909090913, 0.9454545454545454, 0.8,
      0.7272727272727273, 0.8181818181818181, 0.7636363636363637,
      0.8727272727272728, 0.9090909090909091, 0.8
    ],
    [
      0.813953488372093, 0.7358490566037736, 0.7096774193548387,
      0.8431372549019608, 0.18333333333333335, 0.7962962962962963,
      0.7073170731707317, 0.8208955223880597, 0.7647058823529411,
      0.6666666666666667, 0.8382352941176471, 0.8596491228070176, 0.725,
      0.05769230769230771, 0.05769230769230771, 0.8484848484848485,
      0.7446808510638299, 0.813953488372093, 0.12727272727272732, 0.0,
      0.7407407407407407, 0.12962962962962965, 0.9444444444444444,
      0.7777777777777778, 0.7222222222222222, 0.8333333333333334,
      0.7592592592592593, 0.8518518518518519, 0.9074074074074074,
      0.7962962962962963
    ],
    [
      0.7674418604651163, 0.7169811320754718, 0.6129032258064516,
      0.7450980392156863, 0.7666666666666666, 0.7592592592592593,
      0.6829268292682926, 0.791044776119403, 0.6274509803921569,
      0.33333333333333337, 0.7352941176470589, 0.7894736842105263, 0.725,
      0.7307692307692308, 0.7307692307692308, 0.8181818181818181,
      0.6595744680851063, 0.7674418604651163, 0.7272727272727273,
      0.7407407407407407, 0.0, 0.8028169014084507, 0.971830985915493,
      0.8169014084507042, 0.704225352112676, 0.7887323943661972,
      0.8169014084507042, 0.8873239436619719, 0.8732394366197183,
      0.8732394366197183
    ],
    [
      0.8372093023255813, 0.7735849056603774, 0.7096774193548387,
      0.8431372549019608, 0.19999999999999996, 0.7962962962962963,
      0.7317073170731707, 0.8208955223880597, 0.7647058823529411,
      0.6666666666666667, 0.8382352941176471, 0.8596491228070176, 0.725,
      0.05769230769230771, 0.05769230769230771, 0.8484848484848485,
      0.7446808510638299, 0.8372093023255813, 0.10909090909090913,
      0.12962962962962965, 0.8028169014084507, 0.0, 0.9411764705882353,
      0.7843137254901961, 0.7058823529411764, 0.8235294117647058,
      0.7450980392156863, 0.8627450980392157, 0.9019607843137255,
      0.7843137254901961
    ],
    [
      0.9767441860465116, 0.9433962264150944, 0.935483870967742,
      0.9607843137254902, 0.95, 0.962962962962963, 0.9512195121951219,
      0.9552238805970149, 0.9215686274509804, 0.875, 0.9705882352941176,
      0.9473684210526316, 0.925, 0.9423076923076923, 0.9423076923076923,
      0.9090909090909091, 0.9574468085106383, 0.9767441860465116,
      0.9454545454545454, 0.9444444444444444, 0.971830985915493,
      0.9411764705882353, 0.0, 0.75, 0.625, 0.75, 0.875, 0.875, 0.75, 0.875
    ],
    [
      0.7441860465116279, 0.7735849056603774, 0.6774193548387097,
      0.7843137254901961, 0.8, 0.7962962962962963, 0.09756097560975607,
      0.8805970149253731, 0.7058823529411764, 0.7083333333333333,
      0.7941176470588236, 0.8245614035087719, 0.725, 0.7884615384615384,
      0.7884615384615384, 0.8484848484848485, 0.8297872340425532,
      0.7441860465116279, 0.8, 0.7777777777777778, 0.8169014084507042,
      0.7843137254901961, 0.75, 0.0, 0.6818181818181819, 0.8181818181818181,
      0.7954545454545454, 0.75, 0.8181818181818181, 0.7727272727272727
    ],
    [
      0.7906976744186046, 0.6415094339622642, 0.6129032258064516,
      0.6666666666666667, 0.75, 0.6296296296296297, 0.6585365853658536,
      0.8059701492537313, 0.27450980392156865, 0.41666666666666663,
      0.7352941176470589, 0.6666666666666667, 0.475, 0.7115384615384616,
      0.7115384615384616, 0.7878787878787878, 0.7446808510638299,
      0.7906976744186046, 0.7272727272727273, 0.7222222222222222,
      0.704225352112676, 0.7058823529411764, 0.625, 0.6818181818181819, 0.0,
      0.8059701492537313, 0.8507462686567164, 0.8208955223880597,
      0.7761194029850746, 0.8656716417910448
    ],
    [
      0.7906976744186046, 0.8113207547169812, 0.5806451612903225,
      0.7450980392156863, 0.85, 0.6666666666666667, 0.8048780487804879,
      0.8208955223880597, 0.7450980392156863, 0.75, 0.8382352941176471,
      0.8421052631578947, 0.775, 0.8269230769230769, 0.8269230769230769,
      0.9090909090909091, 0.3191489361702128, 0.7906976744186046,
      0.8181818181818181, 0.8333333333333334, 0.7887323943661972,
      0.8235294117647058, 0.75, 0.8181818181818181, 0.8059701492537313, 0.0,
      0.7083333333333333, 0.9166666666666666, 0.9375, 0.7708333333333334
    ],
    [
      0.8837209302325582, 0.8679245283018868, 0.7419354838709677,
      0.5490196078431373, 0.7833333333333333, 0.7592592592592593,
      0.7804878048780488, 0.8656716417910448, 0.8235294117647058,
      0.7083333333333333, 0.9117647058823529, 0.631578947368421, 0.6, 0.75,
      0.75, 0.9090909090909091, 0.7234042553191489, 0.8837209302325582,
      0.7636363636363637, 0.7592592592592593, 0.8169014084507042,
      0.7450980392156863, 0.875, 0.7954545454545454, 0.8507462686567164,
      0.7083333333333333, 0.0, 0.9310344827586207, 0.9655172413793104,
      0.27586206896551724
    ],
    [
      0.2558139534883721, 0.6603773584905661, 0.8064516129032258,
      0.8235294117647058, 0.8666666666666667, 0.8888888888888888,
      0.6829268292682926, 0.8656716417910448, 0.7647058823529411,
      0.7916666666666666, 0.7794117647058824, 0.8596491228070176, 0.775,
      0.8653846153846154, 0.8653846153846154, 0.8484848484848485,
      0.9361702127659575, 0.2558139534883721, 0.8727272727272728,
      0.8518518518518519, 0.8873239436619719, 0.8627450980392157, 0.875, 0.75,
      0.8208955223880597, 0.9166666666666666, 0.9310344827586207, 0.0,
      0.7560975609756098, 0.8780487804878049
    ],
    [
      0.8604651162790697, 0.8113207547169812, 0.8387096774193549,
      0.7254901960784313, 0.9166666666666666, 0.8703703703703703,
      0.8292682926829268, 0.8955223880597015, 0.7450980392156863, 0.5,
      0.8529411764705882, 0.8070175438596492, 0.625, 0.9038461538461539,
      0.9038461538461539, 0.7272727272727273, 0.9148936170212766,
      0.8604651162790697, 0.9090909090909091, 0.9074074074074074,
      0.8732394366197183, 0.9019607843137255, 0.75, 0.8181818181818181,
      0.7761194029850746, 0.9375, 0.9655172413793104, 0.7560975609756098, 0.0,
      0.9090909090909091
    ],
    [
      0.8837209302325582, 0.9056603773584906, 0.7741935483870968,
      0.6274509803921569, 0.8166666666666667, 0.8148148148148149,
      0.7560975609756098, 0.9253731343283582, 0.8235294117647058,
      0.7916666666666666, 0.9264705882352942, 0.6842105263157895, 0.65,
      0.7884615384615384, 0.7884615384615384, 0.9393939393939394,
      0.8085106382978724, 0.8837209302325582, 0.8, 0.7962962962962963,
      0.8732394366197183, 0.7843137254901961, 0.875, 0.7727272727272727,
      0.8656716417910448, 0.7708333333333334, 0.27586206896551724,
      0.8780487804878049, 0.9090909090909091, 0.0
    ]
  ],
  "hash": [
    "071e8c3f8922e186e57548cd4c703a5d",
    "33f8e6d08a6aae939f25a8e0d63dd523",
    "b68abd064e975e1c6d5f25e748663076",
    "72049be7bd30ea61297ea624ae198067",
    "c9b3700a77facf29172f32df6bc77f48",
    "cc6217be863e606e49da90fee2252f52",
    "f7a1a3c38809d807b3f5f4cc00b1e9b7",
    "164b56522eb24164184460f8523ed7e2",
    "56ae1459ba61a14eb119982d6ec793d7",
    "c4148ca91c5246a8707a1ac1fd1e2e36",
    "fb7569d1c2c1fa36a97fdc732f51a637",
    "e7ac6a2de45506164777941faf953094",
    "1282837376a698e38af5cca54bdfbdd0",
    "2688d03495ba17054a9a65028a0a80f8",
    "2109cd66383a81926aef367530a2a9fc",
    "96bb462a8e7e5af2d2834677173e454b",
    "2a1e576d411c5d5370e381042f973ea5",
    "b77933644b8a9fd5c22cad19b21dfb30",
    "8220417d83184f62f5734a0c1d140e89",
    "a36c063345128d22bf1dd003af2eb36d",
    "4c9b84877211d5ba1ae0bd681b01bfec",
    "5e16e45f22fd546b4b52e45ca031e5c5",
    "bcd1ba1f7c6cab26c02c8bec3e5989de",
    "0a4005119dc2d49221b28ed5765fb773",
    "cbf532ac41a42fb819f1cdbf2239c1db",
    "0e20e8fd3a42d387620d0c194ade6673",
    "54d1c19fa3bd274f1c7376fb341b2848",
    "d6fa2fa31148f6c4a2a1d9837dcda3b4",
    "98f2f5b97550d06aac5908c9a20944c1",
    "268a6e44780afd1605558fbba0b15ee6"
  ],
  "sequence_data": [
    [
      "112",
      "274",
      "158",
      "215",
      "274",
      "158",
      "215",
      "298",
      "76",
      "208",
      "76",
      "172",
      "117",
      "172",
      "117",
      "172",
      "76",
      "117",
      "35",
      "60",
      "81",
      "60",
      "81",
      "60",
      "81",
      "60",
      "81",
      "60",
      "81",
      "60",
      "81",
      "60",
      "81",
      "60",
      "81",
      "60",
      "81",
      "60",
      "81",
      "60",
      "81",
      "60",
      "81",
      "60",
      "81",
      "60",
      "81",
      "117",
      "60",
      "81",
      "60",
      "81",
      "208",
      "35",
      "215",
      "35",
      "208",
      "240",
      "117",
      "172",
      "60",
      "81",
      "60",
      "81",
      "225",
      "35",
      "60",
      "81",
      "35",
      "225",
      "172",
      "60",
      "81",
      "60",
      "81",
      "60",
      "81",
      "172",
      "117",
      "76",
      "172",
      "117",
      "172",
      "117",
      "35",
      "111",
      "81",
      "140",
      "208",
      "240",
      "117",
      "71",
      "297",
      "135",
      "171",
      "215",
      "35",
      "208",
      "56",
      "71"
    ],
    [
      "82",
      "208",
      "187",
      "208",
      "172",
      "117",
      "172",
      "117",
      "172",
      "117",
      "172",
      "117",
      "172",
      "117",
      "172",
      "117",
      "172",
      "117",
      "172",
      "117",
      "172",
      "117",
      "172",
      "117",
      "172",
      "117",
      "208",
      "172",
      "117",
      "16",
      "208",
      "297",
      "8",
      "199",
      "264",
      "274",
      "158",
      "215",
      "274",
      "158",
      "215",
      "208",
      "260",
      "87",
      "260",
      "65",
      "14",
      "65",
      "240",
      "117",
      "208",
      "187",
      "208",
      "240",
      "117",
      "39",
      "35",
      "171",
      "172",
      "117",
      "208",
      "35",
      "215",
      "35",
      "208",
      "240",
      "117",
      "35",
      "60",
      "81",
      "60",
      "81",
      "172",
      "35",
      "60",
      "81",
      "60",
      "81",
      "31",
      "60",
      "81",
      "208",
      "187",
      "208",
      "274",
      "158",
      "266",
      "208",
      "60",
      "81",
      "60",
      "81",
      "240",
      "117",
      "71",
      "297",
      "135",
      "171",
      "215",
      "35"
    ],
    [
      "16",
      "110",
      "240",
      "117",
      "240",
      "117",
      "240",
      "117",
      "240",
      "117",
      "240",
      "117",
      "240",
      "117",
      "172",
      "117",
      "99",
      "260",
      "141",
      "65",
      "240",
      "117",
      "240",
      "117",
      "240",
      "117",
      "263",
      "215",
      "263",
      "215",
      "263",
      "215",
      "263",
      "215",
      "263",
      "215",
      "263",
      "215",
      "263",
      "215",
      "263",
      "215",
      "274",
      "158",
      "215",
      "274",
      "158",
      "215",
      "240",
      "117",
      "71",
      "297",
      "135",
      "171",
      "215",
      "48",
      "208",
      "112",
      "113",
      "112",
      "123",
      "65",
      "112",
      "123",
      "65",
      "112",
      "123",
      "65",
      "113",
      "112",
      "123",
      "65",
      "112",
      "123",
      "65",
      "112",
      "123",
      "65",
      "113",
      "112",
      "123",
      "65",
      "112",
      "123",
      "65",
      "112",
      "123",
      "65",
      "113",
      "112",
      "123",
      "65",
      "112",
      "123",
      "65",
      "112",
      "123",
      "65",
      "113",
      "112"
    ],
    [
      "82",
      "208",
      "187",
      "208",
      "172",
      "117",
      "172",
      "117",
      "172",
      "117",
      "172",
      "117",
      "172",
      "117",
      "172",
      "117",
      "172",
      "117",
      "172",
      "117",
      "172",
      "117",
      "172",
      "117",
      "172",
      "117",
      "208",
      "16",
      "240",
      "117",
      "228",
      "208",
      "187",
      "228",
      "240",
      "117",
      "82",
      "198",
      "86",
      "82",
      "274",
      "37",
      "240",
      "117",
      "240",
      "117",
      "262",
      "228",
      "275",
      "172",
      "240",
      "275",
      "172",
      "274",
      "158",
      "215",
      "172",
      "117",
      "215",
      "37",
      "158",
      "215",
      "240",
      "117",
      "82",
      "240",
      "117",
      "240",
      "117",
      "240",
      "117",
      "240",
      "117",
      "228",
      "187",
      "215",
      "274",
      "158",
      "215",
      "274",
      "158",
      "215",
      "240",
      "117",
      "71",
      "297",
      "135",
      "171",
      "215",
      "228",
      "215",
      "208",
      "302",
      "208",
      "302",
      "187",
      "208",
      "302",
      "228",
      "302"
    ],
    [
      "82",
      "240",
      "117",
      "240",
      "117",
      "240",
      "117",
      "240",
      "117",
      "172",
      "117",
      "172",
      "117",
      "16",
      "240",
      "117",
      "11",
      "274",
      "158",
      "215",
      "274",
      "158",
      "215",
      "117",
      "270",
      "117",
      "301",
      "117",
      "297",
      "8",
      "199",
      "264",
      "215",
      "260",
      "141",
      "65",
      "31",
      "260",
      "141",
      "202",
      "260",
      "141",
      "65",
      "202",
      "65",
      "260",
      "141",
      "65",
      "80",
      "287",
      "87",
      "14",
      "65",
      "260",
      "141",
      "240",
      "141",
      "65",
      "82",
      "260",
      "141",
      "65",
      "260",
      "141",
      "65",
      "31",
      "159",
      "224",
      "82",
      "261",
      "172",
      "117",
      "260",
      "208",
      "260",
      "2",
      "140",
      "81",
      "208",
      "159",
      "224",
      "82",
      "159",
      "224",
      "82",
      "261",
      "208",
      "240",
      "117",
      "260",
      "40",
      "209",
      "260",
      "40",
      "209",
      "260",
      "141",
      "260",
      "141",
      "260"
    ],
    [
      "117",
      "208",
      "117",
      "208",
      "117",
      "240",
      "117",
      "240",
      "117",
      "208",
      "228",
      "215",
      "274",
      "158",
      "215",
      "274",
      "158",
      "215",
      "240",
      "117",
      "71",
      "297",
      "135",
      "171",
      "215",
      "208",
      "187",
      "20",
      "34",
      "215",
      "208",
      "187",
      "86",
      "215",
      "240",
      "91",
      "89",
      "192",
      "89",
      "133",
      "89",
      "248",
      "297",
      "135",
      "171",
      "8",
      "178",
      "215",
      "18",
      "194",
      "240",
      "117",
      "215",
      "117",
      "31",
      "56",
      "71",
      "56",
      "172",
      "117",
      "240",
      "117",
      "260",
      "141",
      "65",
      "194",
      "117",
      "240",
      "117",
      "260",
      "141",
      "65",
      "260",
      "141",
      "65",
      "260",
      "141",
      "65",
      "260",
      "141",
      "65",
      "260",
      "141",
      "65",
      "260",
      "112",
      "117",
      "260",
      "141",
      "65",
      "260",
      "141",
      "65",
      "260",
      "141",
      "65",
      "9",
      "117",
      "260",
      "65"
    ],
    [
      "215",
      "274",
      "158",
      "215",
      "274",
      "158",
      "215",
      "172",
      "117",
      "172",
      "117",
      "172",
      "117",
      "198",
      "208",
      "260",
      "257",
      "25",
      "240",
      "117",
      "99",
      "25",
      "172",
      "117",
      "260",
      "274",
      "158",
      "172",
      "117",
      "172",
      "117",
      "260",
      "141",
      "65",
      "172",
      "117",
      "240",
      "117",
      "286",
      "240",
      "286",
      "35",
      "60",
      "81",
      "60",
      "81",
      "60",
      "81",
      "60",
      "81",
      "60",
      "81",
      "60",
      "81",
      "60",
      "81",
      "60",
      "81",
      "60",
      "81",
      "60",
      "81",
      "60",
      "81",
      "60",
      "81",
      "110",
      "60",
      "81",
      "60",
      "81",
      "215",
      "208",
      "35",
      "208",
      "240",
      "117",
      "240",
      "117",
      "240",
      "117",
      "240",
      "117",
      "240",
      "117",
      "15",
      "117",
      "15",
      "240",
      "117",
      "240",
      "117",
      "240",
      "117",
      "172",
      "60",
      "81",
      "60",
      "81",
      "225"
    ],
    [
      "82",
      "240",
      "117",
      "240",
      "117",
      "240",
      "117",
      "240",
      "117",
      "240",
      "117",
      "172",
      "117",
      "172",
      "117",
      "16",
      "31",
      "86",
      "112",
      "271",
      "111",
      "81",
      "140",
      "286",
      "194",
      "286",
      "297",
      "252",
      "215",
      "117",
      "297",
      "93",
      "264",
      "215",
      "271",
      "111",
      "81",
      "140",
      "286",
      "194",
      "286",
      "297",
      "252",
      "215",
      "297",
      "93",
      "264",
      "215",
      "274",
      "158",
      "215",
      "274",
      "158",
      "215",
      "240",
      "117",
      "71",
      "297",
      "135",
      "171",
      "215",
      "212",
      "253",
      "79",
      "215",
      "245",
      "210",
      "65",
      "80",
      "2",
      "81",
      "140",
      "108",
      "80",
      "159",
      "240",
      "159",
      "232",
      "50",
      "215",
      "261",
      "82",
      "240",
      "208",
      "187",
      "208",
      "198",
      "172",
      "117",
      "172",
      "117",
      "35",
      "172",
      "117",
      "275",
      "240",
      "80",
      "60",
      "215",
      "35"
    ],
    [
      "82",
      "240",
      "117",
      "240",
      "117",
      "240",
      "117",
      "240",
      "117",
      "240",
      "117",
      "16",
      "208",
      "187",
      "208",
      "240",
      "117",
      "39",
      "35",
      "171",
      "172",
      "117",
      "208",
      "35",
      "215",
      "274",
      "158",
      "215",
      "274",
      "158",
      "215",
      "35",
      "208",
      "240",
      "117",
      "228",
      "208",
      "240",
      "117",
      "240",
      "117",
      "240",
      "117",
      "71",
      "56",
      "172",
      "117",
      "240",
      "117",
      "260",
      "141",
      "65",
      "260",
      "141",
      "65",
      "198",
      "172",
      "117",
      "260",
      "294",
      "240",
      "117",
      "198",
      "208",
      "187",
      "208",
      "240",
      "117",
      "240",
      "117",
      "240",
      "117",
      "82",
      "112",
      "123",
      "65",
      "240",
      "117",
      "275",
      "112",
      "240",
      "117",
      "240",
      "117",
      "198",
      "240",
      "117",
      "240",
      "117",
      "82",
      "172",
      "117",
      "16",
      "31",
      "215",
      "108",
      "208",
      "80",
      "240",
      "117"
    ],
    [
      "82",
      "208",
      "187",
      "208",
      "172",
      "117",
      "172",
      "208",
      "16",
      "208",
      "240",
      "117",
      "240",
      "117",
      "82",
      "112",
      "123",
      "65",
      "112",
      "123",
      "65",
      "260",
      "141",
      "65",
      "215",
      "240",
      "117",
      "240",
      "117",
      "240",
      "117",
      "240",
      "117",
      "240",
      "117",
      "240",
      "117",
      "208",
      "187",
      "208",
      "172",
      "117",
      "172",
      "117",
      "172",
      "117",
      "172",
      "117",
      "172",
      "117",
      "172",
      "117",
      "172",
      "117",
      "172",
      "117",
      "172",
      "117",
      "172",
      "117",
      "172",
      "117",
      "172",
      "117",
      "172",
      "117",
      "172",
      "117",
      "172",
      "117",
      "172",
      "117",
      "172",
      "117",
      "172",
      "117",
      "172",
      "117",
      "172",
      "117",
      "172",
      "117",
      "172",
      "117",
      "172",
      "117",
      "172",
      "117",
      "172",
      "117",
      "172",
      "117",
      "172",
      "117",
      "208",
      "172",
      "117",
      "100",
      "215",
      "35"
    ],
    [
      "172",
      "117",
      "208",
      "76",
      "274",
      "158",
      "215",
      "274",
      "158",
      "215",
      "76",
      "215",
      "76",
      "172",
      "117",
      "172",
      "117",
      "286",
      "240",
      "286",
      "297",
      "135",
      "171",
      "215",
      "298",
      "297",
      "135",
      "171",
      "215",
      "198",
      "228",
      "297",
      "111",
      "140",
      "81",
      "8",
      "199",
      "264",
      "199",
      "8",
      "208",
      "264",
      "208",
      "264",
      "187",
      "199",
      "172",
      "117",
      "194",
      "144",
      "199",
      "297",
      "208",
      "264",
      "199",
      "8",
      "208",
      "264",
      "208",
      "264",
      "187",
      "199",
      "183",
      "199",
      "252",
      "187",
      "215",
      "240",
      "117",
      "240",
      "117",
      "71",
      "297",
      "135",
      "171",
      "215",
      "208",
      "187",
      "208",
      "240",
      "117",
      "39",
      "35",
      "171",
      "172",
      "117",
      "208",
      "35",
      "215",
      "35",
      "208",
      "240",
      "117",
      "240",
      "117",
      "222",
      "215",
      "127",
      "131",
      "187"
    ],
    [
      "82",
      "240",
      "117",
      "240",
      "117",
      "93",
      "117",
      "172",
      "117",
      "16",
      "117",
      "215",
      "228",
      "208",
      "240",
      "117",
      "82",
      "198",
      "86",
      "82",
      "274",
      "37",
      "262",
      "228",
      "275",
      "172",
      "240",
      "275",
      "172",
      "274",
      "158",
      "215",
      "172",
      "117",
      "215",
      "37",
      "158",
      "215",
      "240",
      "117",
      "240",
      "117",
      "71",
      "56",
      "172",
      "117",
      "240",
      "117",
      "37",
      "158",
      "215",
      "37",
      "158",
      "215",
      "198",
      "172",
      "117",
      "37",
      "294",
      "240",
      "117",
      "198",
      "208",
      "187",
      "208",
      "240",
      "117",
      "240",
      "117",
      "240",
      "117",
      "82",
      "37",
      "158",
      "215",
      "240",
      "117",
      "275",
      "37",
      "240",
      "117",
      "240",
      "117",
      "198",
      "240",
      "117",
      "240",
      "117",
      "82",
      "172",
      "117",
      "208",
      "93",
      "208",
      "16",
      "31",
      "215",
      "108",
      "208",
      "215"
    ],
    [
      "82",
      "172",
      "117",
      "16",
      "294",
      "94",
      "215",
      "274",
      "158",
      "215",
      "274",
      "158",
      "215",
      "94",
      "208",
      "274",
      "158",
      "215",
      "274",
      "158",
      "215",
      "274",
      "158",
      "215",
      "274",
      "158",
      "215",
      "274",
      "158",
      "215",
      "274",
      "158",
      "215",
      "274",
      "158",
      "215",
      "274",
      "158",
      "215",
      "228",
      "117",
      "228",
      "240",
      "117",
      "240",
      "117",
      "82",
      "262",
      "228",
      "275",
      "172",
      "240",
      "275",
      "172",
      "274",
      "158",
      "215",
      "172",
      "117",
      "215",
      "260",
      "141",
      "65",
      "240",
      "117",
      "228",
      "159",
      "228",
      "208",
      "187",
      "228",
      "117",
      "208",
      "187",
      "208",
      "172",
      "117",
      "172",
      "117",
      "172",
      "117",
      "172",
      "117",
      "172",
      "117",
      "172",
      "117",
      "172",
      "117",
      "172",
      "117",
      "172",
      "117",
      "172",
      "117",
      "172",
      "117",
      "172",
      "117",
      "172"
    ],
    [
      "82",
      "240",
      "117",
      "240",
      "117",
      "240",
      "117",
      "240",
      "117",
      "172",
      "117",
      "172",
      "117",
      "16",
      "240",
      "117",
      "11",
      "274",
      "158",
      "215",
      "274",
      "158",
      "215",
      "117",
      "270",
      "117",
      "301",
      "117",
      "297",
      "8",
      "199",
      "264",
      "215",
      "260",
      "141",
      "65",
      "31",
      "260",
      "141",
      "202",
      "260",
      "141",
      "65",
      "202",
      "65",
      "260",
      "141",
      "65",
      "80",
      "287",
      "87",
      "14",
      "240",
      "82",
      "14",
      "65",
      "260",
      "141",
      "65",
      "260",
      "141",
      "65",
      "260",
      "141",
      "65",
      "31",
      "261",
      "172",
      "117",
      "260",
      "2",
      "140",
      "81",
      "261",
      "208",
      "240",
      "117",
      "260",
      "40",
      "209",
      "260",
      "40",
      "209",
      "260",
      "141",
      "260",
      "141",
      "260",
      "141",
      "260",
      "141",
      "260",
      "141",
      "260",
      "141",
      "260",
      "141",
      "260",
      "141",
      "260"
    ],
    [
      "82",
      "240",
      "117",
      "240",
      "117",
      "240",
      "117",
      "240",
      "117",
      "172",
      "117",
      "172",
      "117",
      "16",
      "240",
      "117",
      "11",
      "274",
      "158",
      "215",
      "274",
      "158",
      "215",
      "117",
      "270",
      "117",
      "301",
      "117",
      "297",
      "8",
      "199",
      "264",
      "215",
      "260",
      "141",
      "65",
      "31",
      "260",
      "141",
      "202",
      "260",
      "141",
      "65",
      "202",
      "65",
      "260",
      "141",
      "65",
      "80",
      "287",
      "87",
      "14",
      "240",
      "82",
      "14",
      "65",
      "260",
      "141",
      "65",
      "260",
      "141",
      "65",
      "260",
      "141",
      "65",
      "31",
      "261",
      "172",
      "117",
      "260",
      "2",
      "140",
      "81",
      "261",
      "208",
      "240",
      "117",
      "260",
      "40",
      "209",
      "260",
